amb_space 15
inequalities 120
1 0 0 0 0 0 0 0 0 0 0 0 0 0 0
0 1 0 0 0 0 0 0 0 0 0 0 0 0 0
0 0 1 0 0 0 0 0 0 0 0 0 0 0 0
0 0 0 1 0 0 0 0 0 0 0 0 0 0 0
0 0 0 0 1 0 0 0 0 0 0 0 0 0 0
0 0 0 0 0 1 0 0 0 0 0 0 0 0 0
0 0 0 0 0 0 1 0 0 0 0 0 0 0 0
0 0 0 0 0 0 0 1 0 0 0 0 0 0 0
0 0 0 0 0 0 0 0 1 0 0 0 0 0 0
0 0 0 0 0 0 0 0 0 1 0 0 0 0 0
0 0 0 0 0 0 0 0 0 0 1 0 0 0 0
0 0 0 0 0 0 0 0 0 0 0 1 0 0 0
0 0 0 0 0 0 0 0 0 0 0 0 1 0 0
0 0 0 0 0 0 0 0 0 0 0 0 0 1 0
0 0 0 0 0 0 0 0 0 0 0 0 0 0 1
-1 1 1 0 0 0 0 0 0 0 0 0 0 0 0
-1 0 1 1 0 0 0 0 0 0 0 0 0 0 0
-1 0 0 1 1 0 0 0 0 0 0 0 0 0 0
-1 0 0 0 1 1 0 0 0 0 0 0 0 0 0
-1 0 0 0 0 1 1 0 0 0 0 0 0 0 0
-1 0 0 0 0 0 1 1 0 0 0 0 0 0 0
-1 0 0 0 0 0 0 1 1 0 0 0 0 0 0
-1 0 0 0 0 0 0 0 1 1 0 0 0 0 0
-1 0 0 0 0 0 0 0 0 1 1 0 0 0 0
-1 0 0 0 0 0 0 0 0 0 1 1 0 0 0
-1 0 0 0 0 0 0 0 0 0 0 1 1 0 0
-1 0 0 0 0 0 0 0 0 0 0 0 1 1 0
-1 0 0 0 0 0 0 0 0 0 0 0 0 1 1
-1 0 0 0 0 0 0 0 0 0 0 0 0 0 1
-1 -1 1 1 1 0 0 0 0 0 0 0 0 0 0
-1 -1 0 1 1 1 0 0 0 0 0 0 0 0 0
-1 -1 0 0 1 1 1 0 0 0 0 0 0 0 0
-1 -1 0 0 0 1 1 1 0 0 0 0 0 0 0
-1 -1 0 0 0 0 1 1 1 0 0 0 0 0 0
-1 -1 0 0 0 0 0 1 1 1 0 0 0 0 0
-1 -1 0 0 0 0 0 0 1 1 1 0 0 0 0
-1 -1 0 0 0 0 0 0 0 1 1 1 0 0 0
-1 -1 0 0 0 0 0 0 0 0 1 1 1 0 0
-1 -1 0 0 0 0 0 0 0 0 0 1 1 1 0
-1 -1 0 0 0 0 0 0 0 0 0 0 1 1 1
-1 -1 0 0 0 0 0 0 0 0 0 0 0 1 1
0 -1 0 0 0 0 0 0 0 0 0 0 0 0 1
-1 -1 -1 1 1 1 1 0 0 0 0 0 0 0 0
-1 -1 -1 0 1 1 1 1 0 0 0 0 0 0 0
-1 -1 -1 0 0 1 1 1 1 0 0 0 0 0 0
-1 -1 -1 0 0 0 1 1 1 1 0 0 0 0 0
-1 -1 -1 0 0 0 0 1 1 1 1 0 0 0 0
-1 -1 -1 0 0 0 0 0 1 1 1 1 0 0 0
-1 -1 -1 0 0 0 0 0 0 1 1 1 1 0 0
-1 -1 -1 0 0 0 0 0 0 0 1 1 1 1 0
-1 -1 -1 0 0 0 0 0 0 0 0 1 1 1 1
-1 -1 -1 0 0 0 0 0 0 0 0 0 1 1 1
0 -1 -1 0 0 0 0 0 0 0 0 0 0 1 1
0 0 -1 0 0 0 0 0 0 0 0 0 0 0 1
-1 -1 -1 -1 1 1 1 1 1 0 0 0 0 0 0
-1 -1 -1 -1 0 1 1 1 1 1 0 0 0 0 0
-1 -1 -1 -1 0 0 1 1 1 1 1 0 0 0 0
-1 -1 -1 -1 0 0 0 1 1 1 1 1 0 0 0
-1 -1 -1 -1 0 0 0 0 1 1 1 1 1 0 0
-1 -1 -1 -1 0 0 0 0 0 1 1 1 1 1 0
-1 -1 -1 -1 0 0 0 0 0 0 1 1 1 1 1
-1 -1 -1 -1 0 0 0 0 0 0 0 1 1 1 1
0 -1 -1 -1 0 0 0 0 0 0 0 0 1 1 1
0 0 -1 -1 0 0 0 0 0 0 0 0 0 1 1
0 0 0 -1 0 0 0 0 0 0 0 0 0 0 1
-1 -1 -1 -1 -1 1 1 1 1 1 1 0 0 0 0
-1 -1 -1 -1 -1 0 1 1 1 1 1 1 0 0 0
-1 -1 -1 -1 -1 0 0 1 1 1 1 1 1 0 0
-1 -1 -1 -1 -1 0 0 0 1 1 1 1 1 1 0
-1 -1 -1 -1 -1 0 0 0 0 1 1 1 1 1 1
-1 -1 -1 -1 -1 0 0 0 0 0 1 1 1 1 1
0 -1 -1 -1 -1 0 0 0 0 0 0 1 1 1 1
0 0 -1 -1 -1 0 0 0 0 0 0 0 1 1 1
0 0 0 -1 -1 0 0 0 0 0 0 0 0 1 1
0 0 0 0 -1 0 0 0 0 0 0 0 0 0 1
-1 -1 -1 -1 -1 -1 1 1 1 1 1 1 1 0 0
-1 -1 -1 -1 -1 -1 0 1 1 1 1 1 1 1 0
-1 -1 -1 -1 -1 -1 0 0 1 1 1 1 1 1 1
-1 -1 -1 -1 -1 -1 0 0 0 1 1 1 1 1 1
0 -1 -1 -1 -1 -1 0 0 0 0 1 1 1 1 1
0 0 -1 -1 -1 -1 0 0 0 0 0 1 1 1 1
0 0 0 -1 -1 -1 0 0 0 0 0 0 1 1 1
0 0 0 0 -1 -1 0 0 0 0 0 0 0 1 1
0 0 0 0 0 -1 0 0 0 0 0 0 0 0 1
-1 -1 -1 -1 -1 -1 -1 1 1 1 1 1 1 1 1
-1 -1 -1 -1 -1 -1 -1 0 1 1 1 1 1 1 1
0 -1 -1 -1 -1 -1 -1 0 0 1 1 1 1 1 1
0 0 -1 -1 -1 -1 -1 0 0 0 1 1 1 1 1
0 0 0 -1 -1 -1 -1 0 0 0 0 1 1 1 1
0 0 0 0 -1 -1 -1 0 0 0 0 0 1 1 1
0 0 0 0 0 -1 -1 0 0 0 0 0 0 1 1
0 0 0 0 0 0 -1 0 0 0 0 0 0 0 1
0 -1 -1 -1 -1 -1 -1 -1 1 1 1 1 1 1 1
0 0 -1 -1 -1 -1 -1 -1 0 1 1 1 1 1 1
0 0 0 -1 -1 -1 -1 -1 0 0 1 1 1 1 1
0 0 0 0 -1 -1 -1 -1 0 0 0 1 1 1 1
0 0 0 0 0 -1 -1 -1 0 0 0 0 1 1 1
0 0 0 0 0 0 -1 -1 0 0 0 0 0 1 1
0 0 0 0 0 0 0 -1 0 0 0 0 0 0 1
0 0 0 -1 -1 -1 -1 -1 -1 1 1 1 1 1 1
0 0 0 0 -1 -1 -1 -1 -1 0 1 1 1 1 1
0 0 0 0 0 -1 -1 -1 -1 0 0 1 1 1 1
0 0 0 0 0 0 -1 -1 -1 0 0 0 1 1 1
0 0 0 0 0 0 0 -1 -1 0 0 0 0 1 1
0 0 0 0 0 0 0 0 -1 0 0 0 0 0 1
0 0 0 0 0 -1 -1 -1 -1 -1 1 1 1 1 1
0 0 0 0 0 0 -1 -1 -1 -1 0 1 1 1 1
0 0 0 0 0 0 0 -1 -1 -1 0 0 1 1 1
0 0 0 0 0 0 0 0 -1 -1 0 0 0 1 1
0 0 0 0 0 0 0 0 0 -1 0 0 0 0 1
0 0 0 0 0 0 0 -1 -1 -1 -1 1 1 1 1
0 0 0 0 0 0 0 0 -1 -1 -1 0 1 1 1
0 0 0 0 0 0 0 0 0 -1 -1 0 0 1 1
0 0 0 0 0 0 0 0 0 0 -1 0 0 0 1
0 0 0 0 0 0 0 0 0 -1 -1 -1 1 1 1
0 0 0 0 0 0 0 0 0 0 -1 -1 0 1 1
0 0 0 0 0 0 0 0 0 0 0 -1 0 0 1
0 0 0 0 0 0 0 0 0 0 0 -1 -1 1 1
0 0 0 0 0 0 0 0 0 0 0 0 -1 0 1
0 0 0 0 0 0 0 0 0 0 0 0 0 -1 1
inhom_equations 2
1 1 1 1 1 1 1 1 1 1 1 1 1 1 1 -17
-104 -88 -72 -56 -40 -24 -8 8 24 40 56 72 88 104 120 -376
inhom_inequalities 15
-14 2 2 2 2 2 2 2 2 2 2 2 2 2 2 -18
-13 -13 3 3 3 3 3 3 3 3 3 3 3 3 3 -19
-12 -12 -12 4 4 4 4 4 4 4 4 4 4 4 4 -20
-11 -11 -11 -11 5 5 5 5 5 5 5 5 5 5 5 -21
-10 -10 -10 -10 -10 6 6 6 6 6 6 6 6 6 6 -22
-9 -9 -9 -9 -9 -9 7 7 7 7 7 7 7 7 7 -23
-8 -8 -8 -8 -8 -8 -8 8 8 8 8 8 8 8 8 -24
-7 -7 -7 -7 -7 -7 -7 -7 9 9 9 9 9 9 9 -25
-6 -6 -6 -6 -6 -6 -6 -6 -6 10 10 10 10 10 10 -26
-5 -5 -5 -5 -5 -5 -5 -5 -5 -5 11 11 11 11 11 -27
-4 -4 -4 -4 -4 -4 -4 -4 -4 -4 -4 12 12 12 12 -28
-3 -3 -3 -3 -3 -3 -3 -3 -3 -3 -3 -3 13 13 13 -29
-2 -2 -2 -2 -2 -2 -2 -2 -2 -2 -2 -2 -2 14 14 -30
-1 -1 -1 -1 -1 -1 -1 -1 -1 -1 -1 -1 -1 -1 15 -31
0 0 0 0 0 0 0 0 0 0 0 0 0 0 -1 4
